200
3
222222222222222222222222222222222222222222222222222222222
200000000000020000000000000000000000000020000000000000002
200000000000020000000000000000000000000020000000000000002
200000000000000000000000000000000000000020000000000000002
200000000000000000000000000000000000000020000000000000002
200000000000020000000000000000000000000020000000000000002
200000000000020000000000000000000000000020000000000000002
222220002222222222200022222222222222222220000000000000002
200000000000000000000000000000000000000020000000000000002
200000000000000000000000000000000000000020000000000000002
200000000000000000000000000000000000000020000000000000002
200000000000000000000000000000000000000020000000000000002
200000000000000000000000000000000000000000000000000000002
200000000000000000000000000000000000000000000000000000002
200000000000000000000000000000000000000020000000000000002
200000000000000000000000000000000000000020000000000000002
222222200022222222222222222220002222222222222222222222222
200000000000000000000200000000000000000000020000000000002
200000000000000000000200000000000000000000020000000000002
200000000000000000000200000000000000000000020000000000002
200000000000000000000200000000000000000000000000000000002
200000000000000000000200000000000000000000000000000000002
200000000000000000000200000000000000000000020000000000002
200000000000000000000200000000000000000000020000000000002
200000000000000000000200000000000000000000020000000000002
200000000000000000000200000000000000000000020000000000002
200000000000000000000200000000000000000000020000000000002
200000000000000000000200000000000000000000020000000000002
200000000000000000000200000000000000000000020000000000002
222222222222222222222222222222222222222222222222222222222